Group	肝酶正常	肝酶正常	肝酶异常	肝酶异常	肝酶异常	肝酶正常	肝酶正常	肝酶异常
SampleID	16453	16455	16456	16457	16461	16464	16465	16466
1CMET2-PWY	0.000432212127954082	0.000371274776612694	0.000418582674094967	0.000538485255581108	0.000315383504029435	0.000229746999323449	0.00022688092965144	0.000307300225985839
3-HYDROXYPHENYLACETATE-DEGRADATION-PWY	9.47136011049772e-06	1.99919013352649e-05	4.2637592906347e-06	1.96659120105459e-06	4.3089267017651e-06	2.84794961115869e-07	2.53568764775735e-07	1.02235160710176e-06
7ALPHADEHYDROX-PWY	9.64145336241348e-08	3.23376623160381e-07	0	0	0	0	0	0
AEROBACTINSYN-PWY	6.59055218329795e-06	5.3070523733989e-07	0	0	3.08355917642819e-08	8.90034946967959e-08	0	0
ALL-CHORISMATE-PWY	0	0	5.75399576805784e-06	5.41589529355269e-06	0	1.30197943024223e-06	0	0
ALLANTOINDEG-PWY	1.10256948001162e-06	8.51502160137054e-07	2.85516675329169e-06	1.59508351556891e-06	1.97309105742742e-06	0	5.1136637190622e-08	0
ANAEROFRUCAT-PWY	0.0002398179542788	0.000252014473284282	0.0002087463476496	0.000196342148562975	0.000130617094972065	0.000217976334434575	0.000200026109131191	0.00013090224742326
ANAGLYCOLYSIS-PWY	0.000400083413280288	0.000390802513876148	0.000393217422162857	0.000365550776362611	0.000508535501666059	0.000480033167422406	0.000541543523202077	0.000564888847223287
ARG+POLYAMINE-SYN	4.97907032888546e-05	6.86905760241787e-05	6.17416799952203e-05	4.73854821779711e-05	8.21662018099862e-05	4.45939334057926e-05	6.63710556722043e-05	9.79301997685914e-05
ARGDEG-PWY	1.15664495717445e-05	1.8152653215045e-05	8.00853530626065e-06	4.10334694537005e-06	3.75756576400007e-06	2.78066972870513e-07	0	1.60734544643545e-06
ARGININE-SYN4-PWY	0.000151144762817216	8.93126573563917e-05	0.000289537767255146	0.000418028204403492	8.29954047066963e-05	5.94602720323174e-05	3.39914696488706e-05	4.89418345216118e-05
ARGORNPROST-PWY	0	0	0	1.23738551110406e-06	3.15454139937793e-07	3.28408686642617e-06	2.87037424515269e-06	4.47168919549975e-06
ARGSYN-PWY	0.000307971420428047	0.00033616559828553	0.000370710279759954	0.00026540916575991	0.000428628873173998	0.000204029919492941	0.000283631854165606	0.000572599120402515
ARGSYNBSUB-PWY	0.000311017118814088	0.000312028384044855	0.000258645179640396	0.000166471083824783	0.000262265864496279	9.48186443477298e-05	0.000139366409152973	0.000391349915647631
ARO-PWY	0.000419869014751217	0.000441477816252449	0.000587705248856874	0.000491927327623983	0.000704109304667037	0.000639315191095001	0.000709530785419397	0.000741853182699739
ASPASN-PWY	0.000133746582877063	0.000121020646056135	0.000177445752602992	0.000217697472232135	0.000256996311092805	0.000283310713281432	0.000364426101058464	0.000305545143438316
AST-PWY	8.55464408245322e-06	1.56250416190818e-05	7.97541120004509e-06	4.833709385287e-06	4.8086174518682e-06	3.62883381080568e-07	3.98553088058646e-07	1.43386133980941e-06
BIOTIN-BIOSYNTHESIS-PWY	5.38989415836597e-05	7.40058009543059e-05	7.53394357924698e-05	2.12641265210942e-05	2.46879904815901e-05	1.18139300716502e-05	5.28442684028316e-06	6.8482806849972e-06
BRANCHED-CHAIN-AA-SYN-PWY	0.000199593401214552	0.000190270526726629	0.000361820824196265	0.000345154783538427	0.000544181434985075	0.000578269604059228	0.000613577926952842	0.000647103633755739
CALVIN-PWY	0.000277804603396923	0.000324210337845926	0.000427027903151749	0.000383512151727993	0.00056051401752254	0.000600575641728069	0.000619419055927572	0.000590655223523178
CATECHOL-ORTHO-CLEAVAGE-PWY	0	0	2.97587077711041e-06	4.27600471531634e-07	2.02647792595489e-06	0	0	0
CENTFERM-PWY	0	2.33720820276816e-07	1.34858355094927e-05	6.20791871974134e-06	4.17384047619445e-06	3.79914794498048e-05	2.48501245110245e-05	6.6702719667039e-06
CITRULBIO-PWY	9.11723303279609e-05	6.65538865776659e-05	2.86041508408627e-05	4.12856320696352e-05	2.67748626713956e-05	2.16867273320229e-05	1.8421790230766e-05	2.58469285957407e-05
COA-PWY-1	0.000520393044283095	0.000498530276502393	0.000547627039591283	0.000616510949554699	0.00060875720731581	0.000621624002592639	0.00071402135197808	0.000664915651190303
COA-PWY	0.000160563949324979	0.000162616295770724	0.000124922019706234	8.74073329542926e-05	0.000330230060756301	0.000259250072879207	0.000312156637882502	0.000321072868776297
COBALSYN-PWY	2.9129126999251e-05	4.2729416888206e-05	0.000190138450960767	0.000141571814049706	0.00025880962819401	0.000225565626398856	0.000256245935694529	0.000260867177773672
COLANSYN-PWY	7.41528614162509e-05	8.37832953382915e-05	5.90755790493079e-05	5.9453731543363e-05	4.57858886836191e-05	4.23558689309573e-05	2.38543829668475e-05	1.36439862823101e-05
COMPLETE-ARO-PWY	0.000426372818131628	0.000438975341393067	0.000567368127479608	0.000495608551915765	0.000666385254833468	0.000611800727878226	0.000675741280960179	0.000691898367059744
CRNFORCAT-PWY	0	0	6.70884719519818e-07	4.99845515109006e-07	9.09532987081434e-06	2.80983122935397e-06	3.83846088008919e-06	1.00881016299888e-05
DAPLYSINESYN-PWY	5.44780385313088e-05	9.37986322071563e-05	0.000155758515642391	6.37425969569618e-05	0.000172981062118947	0.000239133088150971	0.000323698849106053	0.00028389032668153
DENOVOPURINE2-PWY	0.000177057823753482	0.000159767846374717	0.000174953354328142	0.000129205507302604	0.000193290993145609	0.000230199275927092	0.000204170289469947	0.000209280137814386
DTDPRHAMSYN-PWY	0.000267728739208872	0.000210531621904678	0.000257570149420227	0.000303628455512627	0.000481802848718387	0.000421996746487806	0.000469860891691802	0.0005299820392974
ECASYN-PWY	1.66317334413434e-05	3.02636273857615e-05	6.9916374668925e-06	3.06362075770375e-06	5.11000739647287e-06	5.58252213123948e-07	3.44744856908151e-07	1.45173522722724e-06
ENTBACSYN-PWY	4.54076055145977e-05	7.53472411714738e-05	2.72594620724707e-05	1.08187467861089e-05	2.30012865507669e-05	5.3732579150744e-06	3.03080071134634e-06	1.82706763156449e-05
FAO-PWY	1.63401878509282e-05	3.04905083630574e-05	3.3184443525789e-05	1.7212111932501e-05	3.2354403838784e-05	6.27280576310331e-06	3.91983345392972e-06	1.51474236744486e-05
FASYN-ELONG-PWY	4.6966097767153e-05	6.20562114734291e-05	8.12721741903958e-05	1.90492750387152e-05	2.38862127841109e-05	1.04932322209314e-05	4.6473046486635e-06	6.18595020596374e-06
FASYN-INITIAL-PWY	3.19209289107622e-05	4.35623814653429e-05	5.62477610236072e-05	1.20991956318641e-05	1.61048893579392e-05	6.64141967659646e-06	2.92438689445384e-06	3.96892394929475e-06
FERMENTATION-PWY	1.9384165371814e-05	3.77940836023364e-05	4.46339905031103e-05	1.71378228244585e-05	2.83657444592224e-05	5.59225677880913e-05	6.90894983102153e-05	7.20995944993918e-06
FOLSYN-PWY	4.46439283702285e-05	5.86290615926449e-05	3.73016215247665e-05	1.30625344197406e-05	4.54682257963999e-05	3.7781472530912e-05	5.17101353961648e-05	3.78030811911418e-05
FUC-RHAMCAT-PWY	3.7325902113998e-05	5.20507799607795e-05	3.16306424490815e-05	1.41411272635835e-05	3.09533261348204e-05	5.0321074356992e-06	4.99270046879916e-06	1.59609206961378e-05
FUCCAT-PWY	2.10368219645758e-05	3.01508584474837e-05	1.67994754933881e-05	7.58107913882054e-06	1.85798257475147e-05	9.85954217344261e-06	1.33480807932142e-05	2.25396983556363e-05
GALACT-GLUCUROCAT-PWY	5.43768498830547e-05	6.42327944912875e-05	0.000115837336452627	0.000178260203627497	0.000200310885180068	0.000207908852348026	0.000202706639893385	0.000215903244072043
GALACTARDEG-PWY	1.16425772983155e-05	2.18970183068496e-05	9.55598899506781e-06	3.98545763992069e-06	5.9623917366571e-06	5.96184023006576e-07	1.32490009808812e-06	1.82762146736074e-06
GALACTUROCAT-PWY	4.65244630319854e-05	6.52492620350479e-05	0.000117248467415119	0.000181003971282533	0.000200671299349372	0.000222321197096249	0.000215257851232507	0.000223898167001689
GLCMANNANAUT-PWY	9.86727861015964e-05	9.40283814676358e-05	0.000178506184307836	0.000198115195660437	0.000238491533272497	0.000201513320040687	0.000226417620654182	0.000264372700838564
GLUCARDEG-PWY	1.16620354690435e-05	2.60800830731441e-05	9.55598899506781e-06	3.46874095272921e-06	6.67034612677519e-06	6.19414087910635e-07	1.51896868236335e-06	1.85350416016729e-06
GLUCARGALACTSUPER-PWY	1.16425772983155e-05	2.18970183068496e-05	9.55598899506781e-06	3.98545763992069e-06	5.9623917366571e-06	5.96184023006576e-07	1.32490009808812e-06	1.82762146736074e-06
GLUCONEO-PWY	3.62622749542134e-06	1.66807516250188e-05	3.39135909883241e-05	1.51683715581234e-05	2.1918703776577e-05	3.47486253052324e-05	2.7086608918731e-05	1.08092315601414e-05
GLUCOSE1PMETAB-PWY	3.56278955192281e-05	6.3869733802897e-05	2.78097311396156e-05	1.21968542868997e-05	1.61375508965331e-05	2.23959454817712e-06	1.8468608202027e-06	2.95239367919464e-06
GLUCUROCAT-PWY	4.11382166647948e-05	4.90430867059871e-05	0.000109900178027975	0.000167599776336388	0.000195167601444965	0.000195872257487467	0.000195397962849705	0.00021297462726612
GLUDEG-I-PWY	3.09401920690356e-05	4.68159126488373e-05	2.7423751187222e-05	1.4721270847644e-05	1.82535108385444e-05	2.63694370882983e-06	2.2078545295043e-06	4.99256125644187e-06
GLUTORN-PWY	0.000346117612242462	0.000301929838140175	0.000190980217318326	0.000115893296292713	0.000176382245421317	5.66230002063783e-05	8.4641939090988e-05	0.000275230078808428
GLYCOCAT-PWY	2.09501756276093e-05	4.24995202609194e-05	1.57396971222437e-05	5.6479574482658e-06	2.43559360618224e-05	2.96721538434821e-06	1.41482786025452e-06	7.37161614651013e-06
GLYCOGENSYNTH-PWY	0.000102755648100985	0.00015328770277704	0.000195019962416274	8.80472789852216e-05	0.000365919260866241	0.000146674461203224	0.00016174201607915	0.000325632311188808
GLYCOL-GLYOXDEG-PWY	7.99390651004029e-06	1.20985393183806e-05	5.61913048108424e-06	3.08488363091773e-06	3.29768515572409e-06	8.68765854437251e-07	5.31531132500824e-07	8.03294720364875e-07
GLYCOLYSIS-E-D	4.80048317413776e-05	6.49008594621866e-05	8.13342027515914e-05	3.44055720865951e-05	4.60842317993472e-05	2.34033803750025e-05	1.86676377310376e-05	3.71086429404725e-05
GLYCOLYSIS-TCA-GLYOX-BYPASS	5.22194358478304e-05	6.21894481079178e-05	3.89874590422337e-05	2.07917983784397e-05	2.7791364994643e-05	6.18584331933417e-06	4.76576445165827e-06	9.65493033548536e-06
GLYCOLYSIS	0.000171286342865113	0.000174110981526048	0.000121095503871871	0.00013333931681906	5.60013260462885e-05	0.000117299556058659	9.66845857992054e-05	5.49580047086786e-05
GLYOXYLATE-BYPASS	2.3799245770895e-05	3.48412317707847e-05	1.79663032534871e-05	1.0897904203033e-05	1.43305972593888e-05	2.26788332782439e-06	1.97332861520658e-06	4.41625943562379e-06
GOLPDLCAT-PWY	1.58380561997098e-05	2.46768992967579e-05	1.61672732038979e-05	8.1640292722234e-06	2.10969417738186e-05	6.89855908667751e-06	1.16465805505143e-05	1.77933503778125e-05
HCAMHPDEG-PWY	9.71677477494496e-06	3.47928382645144e-05	8.909822482287e-06	4.18092377758105e-06	5.3073108499448e-06	3.24699877996902e-07	4.48001433948351e-07	1.39529679784363e-06
HEME-BIOSYNTHESIS-II	2.78674617593748e-05	2.58811941921649e-05	1.95379807005148e-05	8.73208627356666e-06	8.42365805765135e-06	2.59501739643295e-06	1.35483108740651e-06	3.39324961447792e-06
HEMESYN2-PWY	6.21591651434224e-05	3.96534327916062e-05	6.31503167663005e-05	3.23242658736027e-05	2.0581276632139e-05	2.33707042602926e-05	2.92717808531151e-05	2.42993052798521e-05
HEXITOLDEGSUPER-PWY	0.00013553187107666	0.000148279082474103	9.72673820651976e-05	6.36504926743239e-05	6.39267798092659e-05	0.000103203922149367	9.49050191015939e-05	6.24304126902422e-05
HISDEG-PWY	3.48444724632111e-05	2.91015564716684e-05	2.50795270213381e-05	1.60946005189901e-05	1.39926672924108e-05	1.5948055411156e-05	9.02124213489296e-06	1.39243343018019e-05
HISTSYN-PWY	0.000167841278631366	0.000139775869331885	0.000200530212843652	0.00013877607341424	0.000286498085656636	0.000298835682206777	0.000379117091562557	0.000360082421995248
HOMOSER-METSYN-PWY	8.44502835646792e-05	9.07780623721313e-05	8.6141374897936e-05	3.53971141868896e-05	0.000157854072100469	0.000103356811460545	0.000138657927475566	0.000150888586724114
HSERMETANA-PWY	2.84872719251433e-05	1.92016063973712e-05	8.27068596265942e-05	3.48799801867224e-05	0.000119325053548026	9.80970860919362e-05	0.000117544701530109	0.000134845183566256
ILEUSYN-PWY	0.000501865923930153	0.000433729049054037	0.000637875288966872	0.000721407670996038	0.000771184881033929	0.000745516660361063	0.000770248520315604	0.0008760730294537
KDO-NAGLIPASYN-PWY	1.14259287809771e-05	1.917097333001e-05	1.14931592047827e-05	3.30924066084198e-06	4.34075070576755e-06	3.78495199885881e-07	4.50986773224997e-07	1.53994836216383e-06
KETOGLUCONMET-PWY	2.13888528157332e-05	2.54786618621002e-05	1.00147617284528e-05	3.85213150462795e-06	1.01429337579472e-05	1.37117727985552e-06	1.59163167671034e-06	2.88966690669393e-06
LACTOSECAT-PWY	1.5293446566583e-05	9.91719947681986e-06	1.05153212051045e-05	5.92258262968546e-06	5.17342847894883e-06	2.18262986291451e-06	3.34656757709927e-06	5.86535168604711e-06
LPSSYN-PWY	9.97432864369561e-06	2.7672776987862e-05	4.61553006995432e-06	1.43300539003097e-06	5.29207089154177e-06	3.13875784949982e-07	5.27351147336454e-07	2.08806022685723e-06
MET-SAM-PWY	0.000143743759879794	0.000164177159898901	0.000165976811045792	6.43495113350423e-05	0.000250198666868606	0.000178195853979054	0.000236531396306487	0.000263156850528689
METHGLYUT-PWY	1.20351157798607e-05	1.32348676644873e-05	4.57386750926758e-06	1.7775143004837e-06	2.51982561529466e-06	4.76510492934072e-07	4.19637722393702e-07	9.32145127345453e-07
METSYN-PWY	0.000135886360117571	0.000147143986816682	0.000146589750455801	6.55746273362323e-05	0.000238882416047428	0.00017366583048593	0.000222306343707197	0.000234286234046689
NAD-BIOSYNTHESIS-II	4.66904332322595e-05	4.08246079778527e-05	2.18391523653807e-05	1.4040592178651e-05	1.32756820375951e-05	3.45808759920488e-06	4.41842449727552e-06	5.47210764460408e-06
NAGLIPASYN-PWY	4.5398124503068e-05	5.46277708933779e-05	7.28609733405167e-05	4.16628239526963e-05	1.93970681576325e-05	1.10683671185284e-05	5.97864252663772e-06	2.17534264385876e-05
NONMEVIPP-PWY	0.000486393803880791	0.000477930006885685	0.000511234902281414	0.000553930728246293	0.000592595392903343	0.000671895151479227	0.000656501896662825	0.000621934816643387
NONOXIPENT-PWY	0.00018102590328382	0.000208985728532641	0.00031609986937008	0.000265970717900692	0.00057294729640175	0.000435323051190598	0.00049113379074123	0.000565302082211104
OANTIGEN-PWY	0.000124378325307987	0.000117186827180518	0.000124544200304422	5.70560236693249e-05	0.000237545714398228	0.000211670314956213	0.000334585330695609	0.000324597559784867
ORNARGDEG-PWY	1.15664495717445e-05	1.8152653215045e-05	8.00853530626065e-06	4.10334694537005e-06	3.75756576400007e-06	2.78066972870513e-07	0	1.60734544643545e-06
ORNDEG-PWY	8.94254198331768e-06	1.23743371599794e-05	1.06392245683618e-05	5.56421777513645e-06	2.44617900227835e-06	9.70032940199575e-07	0	1.55468851685041e-06
P105-PWY	3.437950152619e-05	4.54117677021387e-05	2.72490376925937e-05	1.41542102657619e-05	2.40199197422506e-05	5.25003771530209e-06	4.12180011576678e-06	1.02063251366453e-05
P108-PWY	5.20316476035676e-06	3.69545675197907e-06	3.55125321494038e-06	6.47272746499883e-06	1.97085430560629e-06	3.48961084084098e-06	1.72526323454422e-06	2.00565202982929e-06
P122-PWY	2.9566380193792e-05	6.45734710850748e-06	4.23881459075327e-05	7.86035141083979e-06	8.57932727321446e-06	1.90978686007748e-06	9.53296500009588e-08	2.42688911110835e-06
P124-PWY	0	7.93499063059359e-06	2.28349529221035e-05	2.88560987464316e-06	7.12682966759899e-06	2.38136640375475e-06	2.41836692204444e-06	6.29913331859374e-06
P125-PWY	3.10532506043061e-07	8.43753377607146e-07	2.67376486515492e-07	0	0	1.49398723495839e-07	1.0969891018485e-07	0
P161-PWY	4.95026331743979e-05	7.35079419872472e-05	3.41687532615835e-05	1.7201838272482e-05	2.52385172924638e-05	1.03259520641462e-05	1.05043752831728e-05	1.2552520552243e-05
P162-PWY	5.23058598352418e-05	4.94170874914245e-05	1.27401161650101e-05	1.33729502317312e-05	1.21184512369842e-05	1.3734779681847e-05	1.15280092098256e-05	1.12103270438408e-05
P163-PWY	1.94173614535878e-06	0	3.09499011561782e-07	3.58097937638795e-07	0	0	0	0
P164-PWY	2.38481646256065e-05	2.86105409498331e-05	2.65676880708845e-05	1.53819440827522e-05	5.37068473899703e-05	2.32167148876407e-05	2.34251363754348e-05	4.70077882969098e-05
P185-PWY	2.92914216301188e-05	4.03903601015828e-05	2.27949266223161e-05	1.16776529493425e-05	3.38831965404143e-05	1.61859364248984e-05	1.34324558580062e-05	2.8690387188479e-05
P23-PWY	2.4049979447739e-06	1.68628244857844e-05	6.21357461576093e-06	2.48788352128067e-07	7.36998832617335e-08	4.54822035699269e-06	2.26154224084136e-06	2.34993110428632e-06
P4-PWY	7.02054925503586e-05	9.77027407521758e-05	0.000124934794202833	5.85105478875519e-05	0.000187226377411545	0.000181377895541871	0.000240113649153054	0.000245887582547873
P42-PWY	8.59751534079064e-05	6.58021422730915e-05	4.46801732914092e-05	1.9665047913571e-05	5.00732352333955e-05	5.76087448810663e-05	4.24734047482845e-05	3.31554718835073e-05
P441-PWY	8.71127558356281e-05	9.67222586132902e-05	8.13980579328005e-05	4.61115560434776e-05	5.78715367983598e-05	2.59107582136062e-05	2.73524926004645e-05	4.55193287882204e-05
P461-PWY	0.0001151082172001	0.000124658999983944	4.90397816979641e-05	2.21527344097799e-05	0.000127239475556952	7.13056884158052e-05	8.08614427719312e-05	0.00010116388437322
PANTO-PWY	0.000459345689532632	0.000448323591759997	0.000483541897219608	0.000584936661719384	0.00044498280779934	0.00047305849512785	0.000448103376870269	0.000421533444420724
PANTOSYN-PWY	0.000248010256204513	0.000248164220421665	0.000208484225941476	0.000164327767726858	0.000368407049523144	0.000334343198179178	0.000358472681356777	0.000352005332236341
PENTOSE-P-PWY	4.79035466678434e-05	7.84317206556531e-05	9.59312625347449e-05	2.76758171869358e-05	0.000110277126020765	3.87581396326538e-05	3.44785745744432e-05	6.34013021498796e-05
PEPTIDOGLYCANSYN-PWY	0.00051640987882638	0.000498268986355005	0.000580144310198403	0.000601947428814249	0.000632634142527304	0.000690455560246167	0.00072489739589682	0.000664818374192382
PHOSLIPSYN-PWY	0.000193350622230375	0.0001891737824337	0.000175237367319983	0.000113385833014267	9.53866626910837e-05	5.0736989346214e-05	2.41479993349158e-05	6.67748630925988e-05
POLYAMINSYN3-PWY	9.35594883326729e-06	1.67499278155478e-05	8.35158995492405e-06	2.362280077268e-06	4.81331226494858e-06	1.33103901266728e-05	9.5021996545929e-06	7.33323612644747e-06
POLYAMSYN-PWY	2.87466361513385e-05	4.04387565110037e-05	3.53637258277441e-05	3.14467109677709e-05	5.15303393239397e-05	4.91597536051079e-05	4.84496107656584e-05	6.67407394571234e-05
POLYISOPRENSYN-PWY	1.7365873812071e-05	2.30813342141044e-05	1.25836975776864e-05	4.9486409033831e-06	7.02155853644122e-06	1.32274298748564e-06	1.86106099201841e-06	2.21645636555697e-06
PPGPPMET-PWY	3.96628490833431e-05	5.45422993532864e-05	3.24998204209338e-05	1.50644993497607e-05	6.7862093910127e-05	6.31986790860644e-05	6.70055972718713e-05	5.47266839922869e-05
PROTOCATECHUATE-ORTHO-CLEAVAGE-PWY	4.45090441538505e-07	1.81881019805562e-06	3.13312629240941e-06	2.790855821252e-06	1.71792441344513e-06	0	1.39565769592378e-07	2.03369462567267e-07
PRPP-PWY	0.000160277461510066	0.000159093136152744	0.000132962786095789	8.0497516427964e-05	0.000114275568041367	0.000194430190643384	0.000164366892127668	0.000113642852305623
PWY-101	0	0	3.35845192283393e-07	2.11243176455587e-07	0	0	0	0
PWY-1042	0.000587401322862739	0.000612341876777225	0.000484104436176279	0.000462624627838659	0.000715322770575487	0.000653516947664439	0.000658297801537194	0.000745969711816539
PWY-1269	0.000130058285867491	0.000116768330312197	9.41912792521773e-05	9.41845147055242e-05	5.10416450161775e-05	4.25105288797942e-05	1.71834550228814e-05	1.90296631558202e-05
PWY-1861	0	0	2.30971912212092e-07	0	7.06426961871721e-06	1.17858911611462e-06	2.65550676238651e-06	8.07053848628709e-06
PWY-241	6.49071813456389e-07	4.03673436867792e-06	2.19183307791676e-06	8.86073659663545e-08	2.63314369717963e-08	7.81375743664661e-05	9.35942043075833e-05	9.35594349770091e-07
PWY-2723	1.19027810800694e-05	2.51746044960035e-05	8.41734942633355e-06	3.00924891699601e-06	3.43914749120565e-06	1.2550779236764e-06	5.59513662707766e-07	2.2899061219198e-06
PWY-2941	0.000112982421184983	6.96051240386661e-05	8.18515306678572e-05	9.98606117960997e-05	4.26329140532736e-05	0.000119939295480174	0.000146499909630594	8.12113791651031e-05
PWY-2942	0.000488620286101552	0.000444063605870651	0.000525832155580318	0.000622084281578378	0.000439124136393678	0.000598264900327999	0.000594982225066904	0.000470620214801306
PWY-3001	0.000219467484407643	0.000197754076753757	0.000316414820211759	0.000317674984479643	0.000406617641231933	0.000457565950235587	0.000544134463600888	0.000505438412878661
PWY-3781	1.36365452261865e-06	1.85692635869806e-07	1.16267330281425e-06	4.2862259464643e-07	0	0	0	0
PWY-3841	0.000408972915007063	0.000351337576477122	0.000414813517214497	0.000524630500656338	0.000357479683346644	0.000268543547944758	0.000247624169813531	0.000352922589011917
PWY-4041	2.17515113754693e-05	4.48237065907497e-05	1.87069023576257e-05	9.81196553645518e-06	1.22557144327607e-05	1.07971265468398e-06	1.35779488065497e-06	3.24783608521747e-06
PWY-4242	0.000110068189143839	9.32818744140542e-05	4.74570329325339e-05	4.96009649264933e-05	0.000158122345981348	0.000113493115306701	0.000123529714955938	0.000160216698974759
PWY-4702	9.3519680461431e-06	1.54904031087836e-05	4.56484525359895e-06	2.06674598447906e-06	3.50742174049352e-06	2.92471858393818e-07	5.04226132142095e-07	1.01463265852878e-06
PWY-4981	1.6060072192834e-05	2.04752249156887e-05	3.19112084822349e-05	1.49905683916612e-05	1.47834004548584e-05	0.000153486491307881	0.000198573936353719	2.93766963910815e-05
PWY-4984	7.92405544672059e-05	5.78375017501299e-05	2.41162530730026e-05	3.45325061830159e-05	2.29371695780869e-05	1.85715087417152e-05	1.59168329348045e-05	2.22948548805578e-05
PWY-5004	0	0	0	0	0	3.68205770046595e-07	4.2392334893841e-07	0
PWY-5005	2.91748719520597e-05	2.72815502156406e-05	2.41748554941593e-05	4.23998751992974e-05	9.43754031347785e-06	3.47033465095592e-05	2.96653772815928e-05	1.50465134503289e-05
PWY-5022	3.30501768981136e-05	5.82623240124575e-05	2.72222430645904e-05	1.47167606173251e-05	1.91272203766524e-05	2.67172671327206e-06	2.24315728790623e-06	5.13671892886046e-06
PWY-5030	2.29529420573685e-05	1.53749868135157e-05	3.51338405794644e-05	4.66090756832233e-05	1.93749485078008e-05	1.83432399632229e-05	1.15008335839426e-05	1.50036381334462e-05
PWY-5083	3.65187016403388e-05	6.3151974638474e-05	4.62776173502188e-05	1.43336375295145e-05	1.62501576737775e-05	2.06241680407681e-06	2.3522725624647e-06	3.86466754948527e-06
PWY-5088	0	1.64554018301235e-07	4.84813997031869e-07	0	0	1.71412411272135e-07	0	0
PWY-5097	0.000506278221372867	0.000466286004158385	0.000527029916532184	0.000571715819869123	0.000531037368648681	0.000675954635113922	0.000719674790743221	0.000589286878865804
PWY-5100	8.85921642732221e-05	9.43723389979562e-05	0.000142593407541819	0.000130557261853083	0.000292833667938371	0.000257124264991723	0.00026819692767618	0.000303997411204644
PWY-5101	5.2927279589989e-05	3.25366011931195e-05	0.000203831667620309	0.000241322297398888	7.87421526016069e-05	3.30537940298655e-05	3.5772996349999e-05	5.42276980854898e-05
PWY-5103	0.000166401326189879	0.00016084038718353	0.000316769417764083	0.000293861506846888	0.000509196126083647	0.000551290581643543	0.00059982841222458	0.000627040693004801
PWY-5104	9.011935822833e-05	9.39855294954065e-05	2.39733183439751e-05	8.45011856184359e-06	0.000168443496893332	0.000113129858739298	0.000129709797934053	0.000127091398986445
PWY-5121	4.49906500509285e-05	3.96373216456661e-05	3.98412621504017e-05	2.09071153569675e-05	3.49803763400348e-05	1.76506082843534e-05	1.49214088323341e-05	2.84934248801794e-05
PWY-5136	1.53375837928828e-05	2.87945208802455e-05	2.5824868365663e-05	1.24058893823762e-05	2.85671952902635e-05	5.27556821049779e-06	3.28409241538e-06	1.28879572144521e-05
PWY-5138	4.18303115983248e-06	1.43370607847151e-05	2.47177666800327e-06	1.85801170668146e-06	4.21607645466881e-06	2.74847621772663e-07	5.15470292000364e-08	3.0337034546379e-06
PWY-5154	0.000178091527187768	0.000111180101728848	0.000213145808611847	0.000157471852391459	0.000131994707854575	8.0998087716226e-05	9.63439366276291e-05	7.94214079414511e-05
PWY-5173	1.17136876832422e-05	1.1695359151463e-05	1.75180723113342e-05	4.7638870540092e-06	7.64838472830521e-06	1.81784950567363e-06	1.87439881240364e-07	2.51281219378919e-06
PWY-5177	1.32410611261747e-05	2.39285505274847e-05	7.08478359031815e-05	9.94235548424772e-05	0.000123171569937166	0.000123625594586639	0.00013777522716635	0.000152727764190964
PWY-5179	1.2132392148429e-07	1.07321474685537e-07	0	0	0	0	0	0
PWY-5180	1.52389175015857e-05	4.54580843094112e-05	0	0	0	7.48938391191516e-07	0	0
PWY-5182	1.52389175015857e-05	4.54580843094112e-05	0	0	0	7.48938391191516e-07	0	0
PWY-5188	0.000145674109130487	0.00017851734948203	0.000145438807451883	8.46479827731784e-05	0.000179178725808044	0.000100360336685798	0.000115864868017936	0.000205928196041152
PWY-5189	3.39079422365755e-05	4.50325742295253e-05	1.6725282301503e-05	4.96073653207249e-06	1.96562240585387e-05	8.88288981372309e-06	9.96020111674379e-06	1.4151612367974e-05
PWY-5265	0	0	1.43832550036177e-06	1.23484284264618e-06	0	0	0	0
PWY-5345	4.00811936372537e-05	4.37265652776615e-05	5.41684083711047e-05	1.97736553642956e-05	3.47297413484774e-05	3.40972747138118e-05	1.99337300013936e-05	7.51866858308494e-06
PWY-5347	0.000142372526888786	0.000153132258598251	0.000152123519938568	7.27599630143234e-05	0.000239516230893253	0.000185452193376598	0.000238647475171071	0.000243565931516233
PWY-5367	0	9.16455986559885e-08	0.000118711673055835	6.23707639831362e-05	9.57078526260219e-05	8.17080287770086e-05	9.10031913993249e-05	0.00011847087896562
PWY-5384	1.147726814029e-05	2.27676408555505e-05	8.40963519640489e-06	3.01194820797333e-06	5.25020931227898e-05	5.72890827302893e-06	5.16794759971573e-06	2.33522920415244e-05
PWY-5415	6.64558106822837e-07	3.25253757050252e-06	5.03225547262048e-06	2.09942014127044e-06	1.21673026187316e-06	1.02638815868869e-07	0	0
PWY-5417	0	0	2.95867308676198e-06	5.49855979663314e-07	2.08291130623902e-06	0	0	0
PWY-5431	0	0	2.95867308676198e-06	5.49855979663314e-07	2.08291130623902e-06	0	0	0
PWY-5464	2.03027079150549e-05	2.96348990875517e-05	2.63628030330945e-05	8.04258296286244e-06	2.04856410389154e-05	7.49093036941647e-06	3.53483585111849e-06	9.73642821840286e-06
PWY-5484	0.000170345830774752	0.000170341846197891	0.000119509136937231	0.000133612245389771	5.47075366283151e-05	0.00011165419348762	9.3652946884542e-05	5.40251345949247e-05
PWY-5505	2.5646591960186e-05	3.16791569318628e-05	1.69931178081313e-05	5.65094439808058e-06	8.20345229277473e-06	1.14117740511643e-05	9.70652771693896e-06	4.29673271761412e-06
PWY-561	2.25380161942529e-05	3.55519708243168e-05	2.37771040617461e-05	1.18296057999526e-05	2.06628110719621e-05	3.79831427598651e-06	2.82714721620052e-06	6.36309390990524e-06
PWY-5656	9.63345960973055e-06	1.77036766517804e-05	3.32347485242392e-06	8.51581179226352e-07	9.23511387119637e-07	3.43747131175472e-07	2.28983497089316e-07	8.30329765687348e-07
PWY-5659	0.000159061892554645	0.000151355428684448	9.87352312078471e-05	7.47276439863209e-05	0.000192853667448794	0.00015812101094624	0.000149355975082056	0.00015861310363065
PWY-5667	0.000447691794996628	0.000473516262163547	0.000586837014751056	0.000600401075319983	0.000617588855144147	0.000585866824642717	0.000634458194406718	0.000602050610750847
PWY-5675	1.08251471020476e-06	9.95770142352047e-08	4.64716125397533e-07	0	0	0	0	0
PWY-5676	9.00791593381701e-05	9.8312181561088e-05	8.02229888800286e-05	4.06103073488511e-05	2.39308428929484e-05	7.70242335592191e-05	8.04220477699781e-05	2.22395614326718e-05
PWY-5686	0.000501446857737335	0.00049118232408406	0.000617796720248539	0.000648375959789913	0.000742958953270839	0.000851673582497052	0.000898076589839588	0.000803155985200496
PWY-5690	3.85218134950235e-05	5.06399755820913e-05	3.74321128810489e-05	2.09488418673849e-05	4.37137309970563e-05	3.0162303673598e-05	3.03755317126248e-05	3.55126562384887e-05
PWY-5692	0	1.7176558284722e-06	3.91740860729491e-06	1.59655498145163e-06	2.72466670158465e-06	5.89456272298677e-07	4.87464020374177e-07	1.2922876984461e-06
PWY-5695	0.00051571826855338	0.000467733347536715	0.000506497123520479	0.000600432856330284	0.000369171375131873	0.000523318839660814	0.000476331463431124	0.000344599556691313
PWY-5705	5.58535121013398e-06	1.242290637832e-05	5.29672946940492e-06	2.93641463108325e-06	6.25059994481849e-06	5.89456272298677e-07	1.27874410468004e-06	1.77358806455861e-06
PWY-5723	4.13470563701205e-05	6.72707074453842e-05	3.24850047597753e-05	1.74309374860443e-05	2.03705004196264e-05	2.08990582790687e-06	1.31761895302054e-06	5.82030790078503e-06
PWY-5747	1.91802342142925e-06	3.90208824167089e-06	5.78234228042015e-06	2.59216439514587e-06	3.43029099889877e-06	1.23049505986502e-07	1.38652343071062e-07	1.07809251314248e-07
PWY-5791	4.97832271043434e-05	4.76089369328498e-05	3.47732195751698e-05	1.34773835723972e-05	1.13273943754925e-05	2.21685322111951e-05	2.68813044065027e-05	7.15926878656792e-06
PWY-5837	4.97832271043434e-05	4.76089369328498e-05	3.47732195751698e-05	1.34773835723972e-05	1.13273943754925e-05	2.21685322111951e-05	2.68813044065027e-05	7.15926878656792e-06
PWY-5838	7.77707185392385e-05	9.85648104048154e-05	5.58248071591481e-05	3.0743549382787e-05	2.56323014987948e-05	7.66733025217657e-06	6.53990677482585e-06	8.78389907016153e-06
PWY-5840	7.64922545965633e-05	8.27614594666283e-05	5.58248071591481e-05	3.0743549382787e-05	2.56323014987948e-05	7.66733025217657e-06	9.96936681322849e-06	1.75197099313138e-05
PWY-5845	7.64922545965633e-05	8.27614594666283e-05	5.58248071591481e-05	3.0743549382787e-05	2.56323014987948e-05	7.66733025217657e-06	0	4.8837696544545e-06
PWY-5850	7.64922545965633e-05	8.27614594666283e-05	5.58248071591481e-05	3.0743549382787e-05	2.56323014987948e-05	7.66733025217657e-06	0	4.8837696544545e-06
PWY-5855	1.26627155750158e-05	2.5056233730666e-05	1.35618580466342e-05	8.38342468585687e-06	8.86115427207536e-06	9.81284193356288e-07	4.10846266015086e-07	1.74445587076996e-06
PWY-5856	1.26627155750158e-05	2.5056233730666e-05	1.35618580466342e-05	8.38342468585687e-06	8.86115427207536e-06	9.81284193356288e-07	4.10846266015086e-07	1.74445587076996e-06
PWY-5857	1.26627155750158e-05	2.5056233730666e-05	1.35618580466342e-05	8.38342468585687e-06	8.86115427207536e-06	9.81284193356288e-07	4.10846266015086e-07	1.74445587076996e-06
PWY-5860	5.48095557276497e-05	6.1191206730668e-05	3.95497301582197e-05	2.09352916923457e-05	1.85067116769228e-05	5.14907351267029e-06	0	3.31994167923945e-06
PWY-5861	5.57953827364068e-05	7.44255161766882e-05	3.95497301582197e-05	2.09352916923457e-05	1.85067116769228e-05	5.14907351267029e-06	4.39854678952341e-06	6.06658782282659e-06
PWY-5862	5.48095557276497e-05	6.1191206730668e-05	3.95497301582197e-05	2.09352916923457e-05	1.85067116769228e-05	5.14907351267029e-06	0	3.31994167923945e-06
PWY-5863	2.95130214609751e-05	3.39611448265106e-05	3.3650150678593e-05	1.42929746844891e-05	1.21931624656944e-05	2.40539232370471e-05	2.9331917035484e-05	7.94559037157292e-06
PWY-5896	7.64922545965633e-05	8.27614594666283e-05	5.58248071591481e-05	3.0743549382787e-05	2.56323014987948e-05	7.66733025217657e-06	0	4.8837696544545e-06
PWY-5897	0.000118001548986343	0.000107883393974332	8.58688746662834e-05	3.8272545677358e-05	2.89403442194225e-05	5.94484703997045e-05	6.85773601435187e-05	1.90769245336583e-05
PWY-5898	0.000118001548986343	0.000107883393974332	8.58688746662834e-05	3.8272545677358e-05	2.89403442194225e-05	5.94484703997045e-05	6.85773601435187e-05	1.90769245336583e-05
PWY-5899	0.000118001548986343	0.000107883393974332	8.58688746662834e-05	3.8272545677358e-05	2.89403442194225e-05	5.94484703997045e-05	6.85773601435187e-05	1.90769245336583e-05
PWY-5910	8.2506115879088e-07	0	1.21959301567023e-06	5.18931552323049e-07	1.25283080331888e-06	2.88263358525633e-07	7.39535187731361e-07	1.5410869466417e-06
PWY-5913	1.26840706200107e-05	2.61236545250058e-05	1.15411209342523e-05	3.78567315264074e-06	5.61805455436859e-06	8.75924672071434e-05	0.000171356970306597	2.94310718331926e-06
PWY-5918	4.39464626383996e-05	4.57093928772705e-05	2.63949323890093e-05	9.08178315696963e-06	1.67918401766595e-05	5.55052377510591e-06	3.14103265712017e-06	7.47855795668298e-06
PWY-5920	2.44011794195795e-05	2.85619488582216e-05	5.16259905700354e-06	2.74768252584743e-06	1.45906528005645e-06	1.94935279688178e-06	1.65603222061494e-06	0
PWY-5941	2.55601415399615e-05	3.44702889558861e-05	3.47900920270825e-05	5.59298977600309e-06	9.68586672708901e-05	4.33947991050469e-05	7.21501632143192e-05	0.000120953110048255
PWY-5971	0	8.11361753041166e-06	9.22612442169957e-05	2.24122099132333e-05	2.77430982892023e-05	1.24119238364708e-05	5.51565254126809e-06	7.30632012338666e-06
PWY-5973	0.000294247654710836	0.000281196857116127	0.000376112555908646	0.000459221476427119	0.000186522027510754	0.000406814995699114	0.000344950370285515	0.000141213451396568
PWY-5989	3.46385469690276e-05	4.46119217457464e-05	0.000131547784630155	7.82278700060803e-05	9.14122968589021e-05	0.000103015611515347	0.00011140800339145	9.91741064855803e-05
PWY-6113	0	1.50840444678054e-06	9.18741328550044e-05	2.29566381311823e-05	2.87905585420767e-05	1.29214716787808e-05	5.7737786887314e-06	7.66956359117261e-06
PWY-6121	0.000365380683132101	0.000382922101255425	0.000459657344480586	0.000391037086651959	0.000625363534794145	0.000522888740796696	0.000591053591946475	0.000680750205287924
PWY-6122	0.000336153535307223	0.000358323244081526	0.000432924531406979	0.000352477257843738	0.000624744589087721	0.000580081333122422	0.000714364677949356	0.000708168277532975
PWY-6123	0.000218447495245111	0.000196149066853156	0.000203421134687458	0.000244261847190938	0.00033707036346702	0.000313930036076326	0.00033786996895671	0.000378526722585129
PWY-6124	0.00019441129146656	0.000174097552085759	0.000178968481813061	0.000215756741374065	0.000307045460310186	0.000283652778426265	0.000304711026290092	0.000345886662583603
PWY-6125	0.000326868588917531	0.000257534482077126	0.00025041055482821	0.000343385639390163	0.000149446439821711	0.000171050982545917	0.000143938962989153	0.000144860682348828
PWY-6126	0.000392147347465113	0.000318982097845828	0.000318593246909793	0.000419110459156983	0.000253417053212756	0.000280217077086961	0.000250173902435742	0.0002710280115654
PWY-6147	6.18489942060793e-05	5.3183407790992e-05	4.51573355466837e-05	3.67013009052364e-05	1.1680614740872e-05	7.25486113674131e-05	0.00011915228909253	7.01355709242303e-06
PWY-6151	0.000470097932425889	0.000470602350844648	0.000637313850290542	0.000693499714824638	0.00070372443270689	0.000621426834869608	0.000636259622614175	0.000711804004681122
PWY-6163	0.00042326164418343	0.0004467785355706	0.000602856532828851	0.000484076512808378	0.000703466940316775	0.000616159657927758	0.000679592842893692	0.000732030157789193
PWY-6168	0.000253747599319137	0.000229926880852816	0.000224933460763545	0.000297676556165487	0.000299910919630958	0.000203310694226966	0.000157536675158461	0.000261698400168004
PWY-6185	0	1.97616903505751e-06	2.50186958613432e-06	4.61064124746897e-07	1.74590294551795e-06	0	0	0
PWY-621	0.000105333397677881	0.000110383477816769	0.000221037389998601	0.000179072752635627	0.00037588221173429	0.000310794952832878	0.000376409495078776	0.000473984010862984
PWY-622	9.75499155177747e-07	0	1.72598751261258e-07	1.94430826272389e-07	1.72618024947625e-07	1.04511965996443e-06	0	3.84094962170405e-07
PWY-6263	1.73475310777936e-06	0	5.68185841135054e-07	5.0947644659589e-07	0	9.49999002429589e-07	1.67371995736018e-06	0
PWY-6270	0.00017283568805044	7.40540998427878e-05	6.92728706168985e-05	3.4017150318112e-05	5.74840527492434e-05	2.63794612159069e-05	2.199764501058e-05	4.46811496435433e-05
PWY-6277	0.000336153535307223	0.000358323244081526	0.000432924531406979	0.000352477257843738	0.000624744589087721	0.000580081333122422	0.000714364677949356	0.000708168277532975
PWY-6282	3.66772280230672e-05	4.92627055867205e-05	7.96350071727084e-05	2.00095317081934e-05	2.54156497886657e-05	1.14708122489234e-05	5.16867717636797e-06	6.87787642447002e-06
PWY-6284	0	4.55539533501639e-07	8.68590722754601e-05	2.2130027330849e-05	2.81179157213305e-05	1.27169475639801e-05	5.73708494312337e-06	7.63311895055925e-06
PWY-6285	0	9.0568361598785e-07	8.82638122752179e-05	2.16479495189397e-05	2.63172500580655e-05	9.99775772499193e-06	5.26096326938037e-06	7.13976584459676e-06
PWY-6305	3.2999195975376e-05	4.18225406645548e-05	6.37253864723212e-05	4.52212081737747e-05	9.67416399197483e-05	0.000196288805639475	0.000209940582560124	9.82754503363348e-05
PWY-6317	0.000185486978387294	0.000219595873964031	0.000263583149343434	0.000185079195058192	0.000428889981443901	0.000330992626801548	0.000379251538831937	0.000442357248610168
PWY-6318	6.31467036254256e-07	4.99636990315491e-07	3.45498837770605e-06	3.4593958381518e-07	9.16673934002577e-07	0	0	0
PWY-6353	5.92804202400242e-05	0.000110954641469701	5.72039010663238e-05	2.31547542703005e-05	8.69202014686645e-05	4.76527839862251e-05	5.31339855895619e-05	9.24746299593814e-05
PWY-6385	0.000407946966554002	0.000365471417641223	0.000414534118610997	0.000523197990407934	0.000496242556146405	0.000432476822231401	0.000458776368485331	0.00051361279500131
PWY-6386	0.000541016820665898	0.000520737090343021	0.000602121882867225	0.000628393394007353	0.000695366677485949	0.000751188789074201	0.000787903488960715	0.000725782137351705
PWY-6387	0.000506856722045889	0.000494739549344028	0.00057775402910527	0.000595217796414046	0.000672879243123526	0.000735815103954576	0.000767743165861217	0.000699237564782659
PWY-6415	0	0	0	6.96006504056874e-07	0	1.66596737556569e-06	7.47614505525811e-07	0
PWY-6435	0	0	3.14400029490646e-07	4.71384681097753e-07	0	0	0	0
PWY-6467	0	0	9.64383183720263e-07	5.56905926771406e-07	2.21046284454057e-06	8.99636375324866e-08	1.15598948032338e-07	1.26746363134781e-07
PWY-6471	4.26111440312997e-06	3.47085315437357e-06	6.44400396400104e-06	2.58682151474912e-06	2.82197644667854e-06	1.25193705135013e-05	1.0137413054893e-06	3.10450468856536e-06
PWY-6507	2.29065802471271e-05	3.34187602052876e-05	0.000106629312548673	0.000167048675492068	0.00018161438756395	0.000227129773493276	0.00021874350994569	0.000215685462425226
PWY-6519	4.3820394708524e-05	6.12607599404649e-05	6.38100244860384e-05	1.69731968000308e-05	2.00935864392781e-05	9.46310486901427e-06	4.20073168175659e-06	5.45826745662636e-06
PWY-6527	0.000163312035732482	0.000191592240789345	0.000236833126500061	0.00016118204179621	0.000370029562929754	0.000219526262762586	0.000256760668448583	0.000373078665415044
PWY-6531	3.14866314837663e-05	1.94575013849018e-05	1.07211727449832e-05	1.59933982157367e-05	1.30564020363868e-05	7.81403656205022e-06	4.33485925013392e-06	6.8284519011757e-06
PWY-6545	7.29672531799501e-05	7.42976354860016e-05	0.000144469484596918	0.000174885763887694	0.000115633697821842	0.000134574064623778	0.000116580208577182	0.000114335296022201
PWY-6549	1.07244395339353e-06	8.62926123904935e-06	2.7830704217237e-06	1.06988340232691e-07	3.1639973292921e-08	2.79735507473125e-05	3.3626198697032e-05	2.73617254355149e-06
PWY-6588	3.50185652686923e-05	4.55612918181717e-05	1.54527323865108e-05	5.27525512006771e-06	6.43553441068454e-05	2.79135522278135e-05	3.63644865963918e-05	5.59969114842979e-05
PWY-6590	0	3.00271177315202e-07	1.6922022377643e-05	7.90156577386535e-06	5.34523799827506e-06	4.71661624595131e-05	3.12058789479296e-05	8.52470366094357e-06
PWY-6595	1.04322141776127e-05	1.10959089221766e-05	1.01583981807118e-05	8.57933794465432e-06	1.9618625776135e-05	1.72221406421153e-05	1.57049311590165e-05	2.05978581241429e-05
PWY-6606	1.19138561182771e-05	1.29752890121315e-05	1.66621855155925e-05	9.5809910509848e-06	2.29310855504229e-05	2.10981021171328e-05	2.35484015929315e-05	3.21349914958965e-05
PWY-6608	4.11881477775729e-05	8.555432694465e-05	6.02074081957487e-05	2.3050857931957e-05	0.000161696072695769	6.22366462531123e-05	7.29887742524823e-05	0.00015033340168991
PWY-6609	0.000263801644470851	0.000209578412701697	0.000196067724818083	0.000247269696324284	0.000327847587206158	0.000263756625267793	0.000318428999738128	0.000380024388759503
PWY-6612	3.08039328432008e-05	4.1312185108963e-05	2.56478299269042e-05	8.77893709785443e-06	3.16961333256158e-05	2.69761928934652e-05	3.84721312395057e-05	2.62602443966246e-05
PWY-6628	7.18512407241193e-05	9.99382486114088e-05	8.01255417437788e-05	4.0153380469809e-05	5.07480185842834e-05	8.95868288161286e-06	5.46338121906804e-06	1.26889245580489e-05
PWY-6629	5.47546949721416e-05	9.49352408543736e-05	3.54975453995251e-05	1.78798261013293e-05	1.95451010185619e-05	5.14890692326981e-07	2.81234946916549e-06	5.87996395888659e-06
PWY-6630	6.6176447592483e-05	9.61069087212703e-05	7.65185078350867e-05	4.13848363692488e-05	4.54242933518743e-05	8.13580101956469e-06	3.525566908228e-06	4.8925790488313e-06
PWY-6690	9.71677477494496e-06	3.47928382645144e-05	8.909822482287e-06	4.18092377758105e-06	5.3073108499448e-06	3.24699877996902e-07	4.48001433948351e-07	1.39529679784363e-06
PWY-6700	0.000492053499047152	0.0004310392053036	0.00047925446502408	0.000603795615913831	0.000441499001277512	0.000496847902778431	0.000425180200807591	0.000367240064696066
PWY-6703	0.000385894109088305	0.000305055743627312	0.000368920003013847	0.000498019412479654	0.000294043273924025	0.000401154218733209	0.000339260880146287	0.000245835695655643
PWY-6708	1.26627155750158e-05	2.5056233730666e-05	1.35618580466342e-05	8.38342468585687e-06	8.86115427207536e-06	9.81284193356288e-07	4.10846266015086e-07	1.74445587076996e-06
PWY-6731	0	2.19855880368622e-07	0	0	0	1.36108521071726e-06	6.76059753425997e-07	0
PWY-6737	0.000342707715369657	0.000446623501793511	0.000635418739283702	0.000535934874566705	0.000837143943688015	0.000656417824893182	0.000678171688838942	0.000799183132094043
PWY-6785	0	0	4.02344301923446e-07	3.33680305465631e-07	0	0	0	0
PWY-6803	2.49258610549278e-05	4.00000171999775e-05	1.81022993570837e-05	9.87500457642473e-06	1.22034904921226e-05	1.44268190030244e-06	1.32851269842285e-06	2.66630571261917e-06
PWY-6823	1.19245179019056e-05	2.19749813425786e-05	7.42943686741764e-06	3.16733541672381e-06	4.28725799922479e-06	4.27341543778574e-07	3.8368169275745e-07	1.77233859830778e-06
PWY-6859	1.73834731576487e-05	1.52166625204722e-05	4.71074179873135e-06	3.03264293053289e-06	4.98564545258227e-06	3.98301740202515e-07	7.66110409454025e-07	1.1557879320198e-06
PWY-6891	2.75638617788033e-05	6.60082996065286e-05	2.54246896348013e-05	1.41511732030801e-05	1.75114565456931e-05	1.82450507700095e-06	1.76108077655672e-06	2.3191222542255e-06
PWY-6892	3.64731166019476e-05	7.95607847721426e-05	3.1389954062643e-05	1.75842305224675e-05	2.79037706579043e-05	4.42901624263764e-06	6.67662379512013e-06	1.22604179057968e-05
PWY-6895	0.000104230276543636	0.000178270806846041	9.77847995027568e-05	6.27756056319975e-05	6.60721725332412e-05	8.9896919735693e-06	8.65962906513964e-06	1.09877702054249e-05
PWY-6897	0.000230295552394246	0.000226815906057308	0.00026081029584402	0.000301899695213888	0.000203344481048866	0.000389437072827142	0.000363379369363342	0.000158270755652391
PWY-6901	7.50311400810873e-05	0.000107797547761077	9.13539333538918e-05	4.16003208808793e-05	7.2544264279425e-05	2.88197472796851e-05	2.36406323839347e-05	5.51137538074614e-05
PWY-6936	0.000115386689680014	0.000105741743676226	0.000102819753426115	3.23340762775891e-05	0.000228953783779903	9.75006676088222e-05	0.000118909905139702	0.000171260354195984
PWY-6969	5.25055025601264e-05	6.4400683272526e-05	4.62338737888084e-05	2.72132014414912e-05	5.29699028516305e-05	4.24201816590976e-05	3.17856194798178e-05	4.13949612688913e-05
PWY-7003	4.72625501039102e-05	6.12713561378336e-05	2.94091425674454e-05	1.15258841733035e-05	4.85671155127528e-05	2.10011741033553e-05	1.82917851607086e-05	4.02573670987017e-05
PWY-7013	1.09209141674709e-05	1.94256196566853e-05	4.18734192346962e-05	2.76965268345408e-05	2.83452046708699e-05	2.32096300691378e-06	1.85106640210488e-06	3.46396860237636e-06
PWY-7039	9.00094099733178e-06	3.90844287896538e-06	1.0930061259804e-06	2.260210548902e-06	1.18770277395079e-06	2.39221992457858e-07	0	0
PWY-7111	0.000501865923930153	0.000433729049054037	0.000637875288966872	0.000721407670996038	0.000771184881033929	0.000745516660361063	0.000770248520315604	0.0008760730294537
PWY-7115	1.5995673898488e-06	1.25769464569582e-05	4.12286872795924e-06	2.07428740124255e-07	4.74238725844191e-08	9.18198002802954e-06	5.6643537563157e-06	1.77356658150411e-06
PWY-7117	1.09633017574635e-06	9.63842313324441e-06	2.91791481188729e-06	1.07353486322901e-07	3.16458259013181e-08	0.000116804067417279	0.000214538274208082	1.27485320967165e-06
PWY-7184	0.000234897775192396	0.000184363032078452	0.000202488759127843	0.000205982256508118	0.000118714326048075	0.000137365546250122	0.000118527382211612	0.000116393914847385
PWY-7187	0.000155886701197739	0.000141588000016059	0.000159532439291376	9.75218739969253e-05	0.000155144851559358	0.000207500859134418	0.000212697265464164	0.00020897606764071
PWY-7196	0.000185265802320001	0.000180947724038416	0.000100831668243648	4.51622152066533e-05	0.000147907612555829	0.000142755559279289	0.0001312948983263	0.000134754383161374
PWY-7197	0.00017581577806128	0.000133242810555131	0.000165320577304177	0.000140685252169723	8.57494841341954e-05	9.90482644453896e-05	8.12378309604708e-05	7.92943372247868e-05
PWY-7198	1.33154737490591e-05	1.65762198490025e-05	5.40366498692178e-06	1.22945066949575e-05	2.10867152942511e-05	1.67388486569794e-06	2.27301838108778e-06	6.28495111835876e-06
PWY-7199	0.000101813664428321	9.88206293946327e-05	0.000133646033957172	0.000218888331045933	0.000174851413850635	0.000107453035389253	0.0001123568710207	0.000180351862689949
PWY-7204	5.28021368793255e-05	7.58185155391681e-05	5.56075637120857e-05	1.7885390729431e-05	2.66820913212003e-05	3.75541342360111e-06	1.48822936028127e-06	8.38183944956846e-06
PWY-7208	0.000283906931696405	0.00023509625549507	0.000252890362543743	0.000323909486639909	0.000199599923215922	0.000141822392683779	0.000160790230283598	0.000181614223964562
PWY-7209	0	0	2.04198601237535e-05	7.0375372518043e-06	3.58170366268926e-05	4.42259081990876e-05	5.48718307214742e-05	5.32124447822295e-05
PWY-7210	1.84246375528957e-05	2.2494418225883e-05	7.59779602674651e-06	1.69617555812836e-05	2.73094168956028e-05	2.37475375251631e-06	3.2114796407763e-06	8.70438313448289e-06
PWY-7211	0.000209566479008533	0.000200242222840159	0.000114445943294822	5.78564733371996e-05	7.6024511761785e-05	0.000145288267245349	0.000119290933488297	7.26323132623538e-05
PWY-7219	0.000685365100749007	0.00062876938830285	0.000806556252661519	0.000863546752723284	0.000954615968671427	0.000939018725212312	0.000963056481971965	0.00103036995230758
PWY-7220	0.000251200577456931	0.000193175833499463	0.000177384092597689	0.000248823451595451	0.000129897685608395	0.000146151671242023	0.000127401790595009	0.000138937178835342
PWY-7221	0.000551052110934224	0.0004852584016384	0.000575536308952919	0.000621508565611459	0.000634557709308211	0.000716481261838856	0.000746189190029117	0.000694325454733536
PWY-7222	0.000251200577456931	0.000193175833499463	0.000177384092597689	0.000248823451595451	0.000129897685608395	0.000146151671242023	0.000127401790595009	0.000138937178835342
PWY-7228	0.000347410948479829	0.000279216887371513	0.000271719701300882	0.000384898160026174	0.000158708443336469	0.000183080751246129	0.000155330357707601	0.000153101296574088
PWY-7229	0.000437773681011312	0.000369170552386731	0.000372692221139377	0.000480435109545743	0.000322787173769077	0.000356515016100773	0.000333775375807768	0.000359388221711754
PWY-7234	0.000121110120739244	0.00011263103614397	0.000146751127555249	7.37546894395136e-05	0.000189067947842461	0.00021867672730088	0.000314760908265214	0.000295493781407083
PWY-7237	5.03049994399209e-05	5.86252037116539e-05	2.51249783101963e-05	9.1820600360938e-06	4.88149549949675e-05	4.15706467463337e-05	5.13265023125169e-05	5.74070513950117e-05
PWY-7242	3.56443853033048e-05	4.99101629015e-05	0.00010658374533856	0.000166012009321552	0.000201253659645025	0.00022492657910907	0.000217337214857393	0.000222256860837219
PWY-724	0.000295549999773872	0.000259025196083259	0.000392405276129257	0.000406057224261091	0.000447845903542353	0.000507122564727344	0.000586483806360621	0.000516972286440447
PWY-7254	2.04244343352572e-05	3.30975108453902e-05	1.45974558480772e-05	4.73812077641772e-06	1.11254299228402e-05	6.7198299985263e-07	1.90938069699149e-06	2.21820729876426e-06
PWY-7269	2.34200361714102e-05	3.87054793059097e-05	1.69724874347478e-05	6.5363453105124e-06	1.10648202068168e-05	8.63035222693459e-07	9.78607957506776e-07	2.93726367428305e-06
PWY-7279	1.31743684082653e-06	1.85188095040484e-07	1.12078484733386e-06	4.1369491223448e-07	0	0	0	0
PWY-7282	0.00018771322932749	0.000163154345763441	0.000237219582417028	0.000259756369067159	0.000199862552113382	0.000141369513018731	7.22037485108112e-05	0.000143458278419964
PWY-7290	0	0	0	0	2.07980316032302e-07	0	0	9.85390003727841e-08
PWY-7315	2.53626453793581e-05	4.72431757074333e-05	1.36977738269451e-05	5.32209122115455e-06	9.34713048813728e-06	1.25822319733942e-06	1.11810070646285e-06	4.32989369417246e-06
PWY-7323	5.98216913165891e-05	6.81540568588023e-05	4.11016138750883e-05	4.42700623965457e-05	3.03422113580318e-05	2.83601823585454e-05	1.51643578442666e-05	8.44586635330004e-06
PWY-7328	1.38237564425375e-05	2.78240648730593e-05	1.02049532418027e-05	3.68200358286039e-06	4.2607499209174e-06	6.232184532671e-06	2.897160089504e-06	2.84856057509237e-06
PWY-7357	0.000208568944338826	0.000222191097534403	0.00027283983897611	0.000273422538183477	0.000418044856619313	0.000411051955894357	0.000463464662011581	0.000438904143323755
PWY-7371	0	0	2.29169652587733e-07	3.20914619527903e-07	0	8.98183736899114e-07	0	0
PWY-7383	2.59397975300996e-05	3.13963679478913e-05	2.79540406286394e-05	1.27633901231249e-05	2.87392538111159e-05	3.53138365345529e-05	3.91109914759619e-05	5.18963131463178e-05
PWY-7384	0	0	1.84987204935607e-07	2.12964180746695e-07	0	0	0	0
PWY-7388	2.94787765370683e-05	4.02220498358168e-05	5.26213696547509e-05	1.129697475402e-05	1.5040108370736e-05	6.19817844125125e-06	2.72966369879435e-06	3.70532266556906e-06
PWY-7389	0	0	3.15629001275781e-07	3.60781567857318e-07	0	0	0	0
PWY-7392	1.12389604754359e-06	0	1.33444306209523e-05	8.74670391868201e-06	1.40803702792919e-05	1.19167271140151e-06	2.28825161611361e-06	3.42740415784414e-06
PWY-7399	1.4529860004868e-06	5.72476966258509e-06	0	2.40401929996936e-07	4.72417353722576e-06	8.65465656599067e-07	1.85115945276784e-06	3.11606265271371e-06
PWY-7400	0.000309283075099042	0.00033931350232377	0.000385288253656688	0.000279910146383051	0.00045287135099252	0.000225849544214072	0.000310505716892701	0.000595403675898801
PWY-7409	1.41714809831806e-05	2.88298890239434e-05	7.9269288424076e-06	3.63013328002941e-06	5.14630787955106e-06	4.95753040650477e-07	9.1660063202275e-07	1.49206129361036e-06
PWY-7446	1.30096575532431e-05	4.1028016719097e-06	4.33427628220041e-06	2.13741627571239e-06	4.22712163061642e-06	2.5353746041478e-07	3.17586061441979e-07	1.41468375400318e-06
PWY-7456	0	0	5.75589487484397e-06	1.12668549916642e-05	8.33908504596517e-06	1.59436113072382e-05	1.27947905269467e-05	3.84270994766043e-05
PWY-7539	6.02204530093152e-05	5.11644203978687e-05	4.15966883264957e-05	3.53291512523103e-05	1.14773528368278e-05	5.7403767414735e-05	6.44681245561529e-05	6.90346833871259e-06
PWY-7560	0.000160298462720775	6.65291472597142e-05	6.17023859328325e-05	2.99958452278038e-05	5.09703930039331e-05	2.32119219424922e-05	1.93403511326551e-05	3.9469503510384e-05
PWY-7663	0.000270672661803141	0.000255836382257558	0.000360421564442315	0.000460855369136925	0.000158207976751037	0.000381456298167138	0.000314924725252668	0.000116143811268402
PWY-7664	4.20088860900675e-05	5.61038657421478e-05	7.32343605834109e-05	1.67564936897999e-05	2.13080765596902e-05	9.21642042647122e-06	4.07433278629412e-06	5.44909947946401e-06
PWY-821	1.44080357065731e-05	6.10616535925663e-06	2.60202208984149e-05	6.5132116703516e-06	3.73902076863393e-06	4.94796571688995e-06	2.96243769059351e-06	3.36929094441316e-06
PWY-841	0.000196068181291798	0.000197080672540001	0.00021883933287496	0.000223208707019911	0.000208280343308708	0.000245824370960055	0.000208389402665207	0.000213216154360965
PWY-922	3.3103566951042e-06	1.48427003366103e-06	8.99955217619073e-07	3.74977877952374e-07	9.20881183939174e-07	2.34949420464831e-07	6.32253899544368e-07	1.67344888706052e-06
PWY0-1061	5.4496117558539e-05	7.58342506810607e-05	6.50983769865544e-05	1.93122497414935e-05	3.72734452929563e-05	9.53667057840701e-06	5.77780088540627e-06	1.71705304707651e-05
PWY0-1241	1.97729778869057e-05	3.00814308084979e-05	2.76210836527776e-05	9.94521466910465e-06	8.96431846213731e-06	1.7137845971197e-06	9.81130258670041e-07	3.31999086611217e-06
PWY0-1261	0.000113868845406287	0.000107679683479543	0.000101130113781834	5.64041316810902e-05	9.02499959960607e-05	6.74219863532171e-05	4.87322140191079e-05	0.000117852788737526
PWY0-1277	1.45053298302803e-05	4.3483961019799e-05	1.36151984463833e-05	6.25301221460608e-06	9.33517887517039e-06	6.65042734905542e-07	1.00315307330285e-06	2.520339302799e-06
PWY0-1296	0.000293470425421024	0.000328720757632889	0.000381945226010225	0.000304652345521755	0.000525093116777615	0.00037269755444565	0.000404452778590769	0.000543466322058725
PWY0-1297	7.84698935278832e-05	0.00012529729513251	5.30098028876615e-05	2.56249315466737e-05	6.16171698937732e-05	2.27526250464211e-05	3.40586741935092e-05	6.91783028773568e-05
PWY0-1298	5.89712488545625e-05	7.94337231052366e-05	2.86292650836421e-05	1.0395080704713e-05	8.9151371921615e-05	4.68938390110654e-05	4.8801168644779e-05	6.38623590540138e-05
PWY0-1319	0.000448279160931805	0.000473563442384103	0.000587098732873577	0.000600532562164246	0.000617604342705979	0.000586101409598385	0.000634495675811534	0.00060206784836183
PWY0-1338	9.66097303692e-06	1.73664643463367e-05	6.45420435455551e-06	3.44697241176694e-06	3.11222668108416e-06	1.05656560614458e-07	1.78096923999188e-07	8.28489173752151e-07
PWY0-1415	2.572507993931e-05	2.51969078819475e-05	1.43340805968474e-05	6.12131212805674e-06	7.25020765553629e-06	1.55001985432254e-06	1.29786509654434e-06	1.92831823017252e-06
PWY0-1479	3.09925792760507e-07	1.90132633700646e-06	3.30150304739648e-05	2.92711893398266e-05	0	0	0	0
PWY0-1533	1.49367593885372e-05	2.62215950379376e-05	8.42319357746494e-06	3.59530687902075e-06	7.05657165563188e-06	6.45628179893425e-07	1.00461607574864e-06	2.53193088479956e-06
PWY0-1586	7.54902333998332e-05	0.000107426442379823	0.000217005340195268	0.000261084659320411	0.000101747567133451	0.000152643849886705	0.000189102062939253	9.98086755934625e-05
PWY0-162	0.00027623340545593	0.000266890721225222	0.000158787800455593	0.000144894118089694	0.000201303390530695	0.000196123052979484	0.000184009585601712	0.000184729006123099
PWY0-166	0.000257907082726727	0.000202084832312908	0.000230820950852042	0.000234280908470966	0.000163409871934494	0.000188341371879759	0.000178957810297244	0.000170877794773718
PWY0-321	7.29885172497962e-06	1.56680210507286e-05	3.86634881235129e-06	1.13115069139324e-06	2.62871365330198e-06	0	2.11884697448214e-07	6.71837779859739e-07
PWY0-41	1.61513752157574e-06	2.46281992091979e-06	4.07275118212307e-06	1.49655307578306e-06	3.00262653427081e-06	3.67711775667172e-07	4.29024366709088e-07	1.29408912891744e-06
PWY0-42	2.30243530831047e-06	4.64763581966951e-06	5.60067533469512e-06	2.58225577906046e-06	3.55024144457269e-06	1.42224955487689e-07	1.6429423068257e-07	1.31315810524459e-07
PWY0-781	6.69380499423846e-05	9.68739946253645e-05	0.000114862723617295	5.78136434845768e-05	0.000186725839080886	0.000182255615387248	0.000233107484494048	0.000255973868862769
PWY0-845	0.000193937316429128	0.000132347561727488	0.000262870879679035	0.000332704932327123	0.000109425381502939	7.03919584915451e-05	3.04853411236968e-05	6.64871474666868e-05
PWY0-862	3.68262656401675e-05	4.97422549415374e-05	6.47022899714382e-05	1.44392690709733e-05	1.86273723476384e-05	7.92988123320188e-06	3.49911864202738e-06	4.70227305293673e-06
PWY1F-823	1.0876940152495e-07	5.83941561973914e-08	0	3.48298097586316e-08	6.25838954255424e-08	0	7.60984035207385e-08	7.24278532328465e-08
PWY1G-0	0	1.47132999917055e-07	0	0	1.14092592452264e-07	0	0	2.18813091516716e-07
PWY3O-19	0	0	5.3751888927065e-07	6.12172962427888e-07	0	1.69462800316502e-07	3.71362566507649e-07	0
PWY490-3	2.00173676281896e-05	2.41303203039235e-05	1.06491085735018e-05	3.66753200021437e-06	7.92057446859546e-06	9.97514555346979e-06	9.22631620450237e-06	4.24179014513854e-06
PWY4FS-7	0.000127200803672636	0.000154844497075617	0.000115831617758615	8.30174963315862e-05	6.10594719210857e-05	3.13985601995358e-05	1.47459292034741e-05	4.18954376071337e-05
PWY4FS-8	0.000127185020815107	0.000154842815515183	0.000115828220525057	8.30166585748942e-05	6.10593709987303e-05	3.13983356957899e-05	1.47459224549756e-05	4.18953819603265e-05
PWY4LZ-257	3.754753913605e-05	5.8144514233693e-05	2.39486233902311e-05	9.40984466322874e-06	2.95900437776701e-05	1.24015828561827e-05	1.25780291260814e-05	1.50341883436617e-05
PWY66-367	0	0	1.72628520220109e-06	7.13326055715209e-07	0	0	0	0
PWY66-389	0	5.14024022118675e-07	1.48097869689175e-06	1.32220411964327e-06	1.21872378830301e-06	1.64756603582484e-07	0	0
PWY66-398	6.18444329185727e-06	6.70662866211018e-06	4.66347562877984e-06	2.67282993149988e-06	5.24766632540602e-06	1.07991015496686e-06	3.53578365895681e-07	3.00416095140654e-06
PWY66-399	4.29880617882044e-05	4.55106832996684e-05	4.42329305710584e-05	2.6131019796444e-05	4.07425279828475e-05	2.62450407186733e-05	2.16680865923982e-05	4.44351726039356e-05
PWY66-400	0.000184606565334147	0.000189014174607068	0.000120370436885709	7.54160253119161e-05	6.16228970950775e-05	2.38664675783382e-05	1.859450137809e-05	4.80836952337808e-05
PWY66-409	0.000168420510110603	0.000194271107742498	0.000107574081378464	5.39837366144809e-05	0.00012208428387889	5.82465805635559e-05	7.9834114319276e-05	0.000131821212673105
PWY66-422	0.000185486978387294	0.000219595873964031	0.000263583149343434	0.000185079195058192	0.000428889981443901	0.000330992626801548	0.000379251538831937	0.000442357248610168
PWYG-321	4.13707663653592e-05	5.57133352546663e-05	7.44110391646428e-05	1.72854078593167e-05	2.2195249451903e-05	9.55862782272313e-06	4.23129751502874e-06	5.6743589928175e-06
PYRIDNUCSAL-PWY	5.46044664338412e-05	6.25377260605268e-05	3.02598926706748e-05	1.11107526870234e-05	3.08241843792666e-05	1.66260164754079e-05	5.25567425988074e-06	2.24262761135754e-05
PYRIDNUCSYN-PWY	0.000111734044210937	0.000104025282285628	7.34286883500134e-05	4.32519543820486e-05	0.000204357118113151	0.000204126006874345	0.000201320488090809	0.000202356596437027
PYRIDOXSYN-PWY	0.000186701843700974	0.000113049674620325	0.000229964718079339	0.000338149631087491	8.30016964097815e-05	5.42712306102686e-05	2.30184120798999e-05	4.92082371135201e-05
REDCITCYC	2.02130424057378e-05	2.99877440483186e-05	2.65441235309323e-05	1.1651743999507e-05	2.07024165817774e-05	4.20220106595586e-06	2.19606529923473e-06	5.84081179407062e-06
RHAMCAT-PWY	0.000180489536551124	0.000200364553118772	0.000111760567299233	0.000163838133860188	0.000198915256748692	7.99656236820305e-05	9.2738156554121e-05	0.000173264567554068
RIBOSYN2-PWY	0.000121980924458133	0.000140305311349796	8.46584275391448e-05	5.91666715071303e-05	7.83970343961358e-05	4.93936497472965e-05	2.84058265895983e-05	2.30566804569234e-05
RUMP-PWY	0	0	0	0	2.42278937323654e-06	1.65589280757492e-07	9.55284208320221e-07	2.37099726032968e-06
SALVADEHYPOX-PWY	3.86552502857514e-05	7.41447714722287e-05	5.11909709404862e-05	1.93326284441179e-05	0.000145143378957566	5.29416024987509e-05	6.24842332382339e-05	0.000135089565758433
SER-GLYSYN-PWY	0.000148301920553665	0.000154058327494381	0.000169711990283004	0.00020913608672252	0.00034130915499409	0.000288147156330484	0.00030140620018452	0.000384378544703782
SO4ASSIM-PWY	4.17035353599275e-05	6.80683485293888e-05	7.20097510671575e-05	2.90660080421266e-05	2.86053591760721e-05	1.59198270516964e-05	8.90421689027303e-06	5.4185849620744e-06
SULFATE-CYS-PWY	4.85364693991022e-05	5.86290392829422e-05	6.15883370102321e-05	2.59658921611995e-05	5.1021408708327e-05	2.70038919705385e-05	1.80119374073204e-05	1.17018618292654e-05
TCA-GLYOX-BYPASS	3.19510844007679e-05	4.11078198806434e-05	2.33759048253819e-05	1.17122887700424e-05	1.85757420480291e-05	3.37990150021643e-06	2.59949201180331e-06	5.3599177947943e-06
TCA	6.12249094792166e-05	7.65355934542119e-05	5.84639487137356e-05	3.25641743669051e-05	6.41199161670725e-05	5.1712216254227e-05	4.02555624866088e-05	5.54840837957572e-05
TEICHOICACID-PWY	1.05172780289218e-06	1.25931709848875e-06	2.07017093729417e-07	0	1.18651774503719e-07	0	0	0
THISYN-PWY	0.000127848549214647	0.000196335491132165	0.000114526099315002	7.5927387730449e-05	9.19002744654438e-05	2.13782549750171e-05	3.13804029942431e-05	4.74306588175494e-05
THISYNARA-PWY	0.000168373303438893	0.000157818628334287	0.000128090510217566	0.000169387678752631	0.000210230888053358	0.000185795859210118	0.000219176293624697	0.000213859623046785
THRESYN-PWY	0.0002066917064721	0.000183282274853765	0.000286969640811807	0.000295576553020347	0.000336770917480112	0.000389215519845206	0.000483311980147041	0.000422831759200404
TRNA-CHARGING-PWY	0.000222018734840405	0.00025195510504649	0.000281181414697413	0.000226471808467837	0.000426411800014354	0.000481251117518472	0.000398996087532421	0.000441810510545606
TRPSYN-PWY	0.000175856742992571	0.000151233282494669	0.00010982618309825	4.03861871955499e-05	0.000275105346625004	0.000194248557288694	0.000183216839495378	0.000245343461487158
UBISYN-PWY	1.2646145636116e-05	2.49931011699275e-05	1.22670953383609e-05	7.25013801539521e-06	7.89945051473798e-06	7.56554599595544e-07	4.50786186723192e-07	1.60016535115257e-06
UDPNAGSYN-PWY	9.68290590260106e-05	9.28215493793903e-05	9.33943598221114e-05	3.56957603264756e-05	0.00017165804303592	0.000150913865585741	0.000273211773062495	0.00025105800062086
URDEGR-PWY	0	1.7176558284722e-06	3.91740860729491e-06	1.59655498145163e-06	2.72466670158465e-06	5.89456272298677e-07	4.87464020374177e-07	1.2922876984461e-06
VALSYN-PWY	0.000501865923930153	0.000433729049054037	0.000637875288966872	0.000721407670996038	0.000771184881033929	0.000745516660361063	0.000770248520315604	0.0008760730294537
